#-------------------------------------------------------------
# Format:
#  count1  count2 ...
#  eff1    eff2   ...
#  bkg1    bkg2   ...
#    :      :
# To account for uncertainty in the efficiency and background
# the efficiency and background lines are repeated with
# different samplings of the efficiency and background
#-------------------------------------------------------------
         1
    1.2452
       0.0
    0.9350
       0.0
    1.1311
       0.0
    0.5678
       0.0
    1.5022
       0.0
    0.9102
       0.0
    1.1034
       0.0
    1.2543
       0.0
    1.2178
       0.0
    1.0133
       0.0
    1.3865
       0.0
    0.5535
       0.0
    0.9689
       0.0
    1.2352
       0.0
    0.8102
       0.0
    0.7982
       0.0
    0.8751
       0.0
    0.6954
       0.0
    1.1529
       0.0
    0.7137
       0.0
    1.0140
       0.0
    0.6072
       0.0
    1.1614
       0.0
    1.2387
       0.0
    1.4475
       0.0
    0.7380
       0.0
    1.5773
       0.0
    1.4855
       0.0
    1.7582
       0.0
    1.5727
       0.0
    1.2399
       0.0
    1.0552
       0.0
    0.6585
       0.0
    1.2788
       0.0
    0.8574
       0.0
    1.2523
       0.0
    0.7988
       0.0
    0.8910
       0.0
    1.3914
       0.0
    0.7482
       0.0
    0.9959
       0.0
    1.1465
       0.0
    0.9984
       0.0
    1.3393
       0.0
    0.8046
       0.0
    1.2339
       0.0
    1.0796
       0.0
    0.5377
       0.0
    1.0881
       0.0
    1.1512
       0.0
    1.2626
       0.0
    0.9970
       0.0
    1.0175
       0.0
    1.4903
       0.0
    0.6118
       0.0
    0.7254
       0.0
    0.8747
       0.0
    1.1518
       0.0
    1.5030
       0.0
    1.2309
       0.0
    1.1465
       0.0
    0.8096
       0.0
    0.7283
       0.0
    0.5629
       0.0
    1.2109
       0.0
    0.5075
       0.0
    1.3219
       0.0
    0.4160
       0.0
    0.5724
       0.0
    1.3924
       0.0
    1.0019
       0.0
    1.9288
       0.0
    0.9951
       0.0
    1.8020
       0.0
    0.8116
       0.0
    0.7361
       0.0
    1.5151
       0.0
    0.7556
       0.0
    0.5444
       0.0
    1.0658
       0.0
    0.5992
       0.0
    0.7490
       0.0
    0.9705
       0.0
    1.2615
       0.0
    0.7032
       0.0
    0.8616
       0.0
    0.9871
       0.0
    1.0494
       0.0
    0.9548
       0.0
    1.2424
       0.0
    0.9456
       0.0
    1.4633
       0.0
    1.6775
       0.0
    1.2872
       0.0
    1.0728
       0.0
    0.7230
       0.0
    1.0203
       0.0
    1.0042
       0.0
    1.2614
       0.0
    0.8294
       0.0
